New prior
[0.11978159 0.88021841]
Prior Guided Random search finished
Best result
phi: 2.6823
cm: [[1 0 1 1 1]
 [1 1 0 0 0]
 [1 0 1 1 1]
 [0 1 1 0 1]
 [1 1 1 0 0]]
tpm: [[0 1 0 1 1]
 [1 1 1 1 0]
 [0 0 1 0 1]
 [0 0 1 0 1]
 [1 1 0 1 1]
 [0 0 0 1 0]
 [1 0 0 1 1]
 [1 0 1 0 0]
 [1 1 1 1 0]
 [0 1 1 0 0]
 [0 1 1 0 1]
 [0 1 0 1 1]
 [0 0 0 0 1]
 [0 1 0 0 0]
 [1 1 1 0 0]
 [1 1 1 0 0]
 [1 0 1 1 1]
 [0 0 1 1 0]
 [1 1 1 1 0]
 [1 1 0 1 0]
 [1 0 1 0 1]
 [1 0 0 0 1]
 [1 0 0 1 0]
 [0 0 0 0 0]
 [0 0 1 0 0]
 [1 1 1 1 0]
 [0 1 1 1 0]
 [1 1 0 0 1]
 [0 1 1 0 1]
 [1 1 0 0 0]
 [1 0 1 1 1]
 [1 0 1 1 1]]
state: (0, 1, 1, 0, 0)
PGRS single max across exps.
2.6823
PGRS avg. max.
2.6823
